1 654 41 708 19 0.134369 
113 832 166 856 23 0.548533 
161 0 212 10 23 0.150322 
113 833 165 855 23 0.109136 
113 832 166 856 24 0.117388 
1 654 41 708 27 0.379340 
145 167 234 187 27 0.134822 
161 0 212 10 27 0.131907 
1 657 39 704 27 0.103038 
194 403 227 451 64 0.152700 
1 694 89 830 73 0.964250 
53 662 116 724 73 0.524896 
770 867 787 886 73 0.360176 
4 699 97 836 73 0.273099 
43 647 118 729 73 0.221667 
0 288 37 335 73 0.198903 
145 167 234 187 73 0.143542 
301 649 363 690 73 0.135613 
161 0 212 10 73 0.115767 
4 691 74 808 73 0.109996 
0 247 40 343 73 0.109398 
0 243 42 342 76 0.419313 
722 823 911 896 79 0.253222 
3 391 168 836 79 0.195849 
444 31 958 858 79 0.126047 
64 0 889 420 79 0.107117 
0 248 38 344 89 0.334192 
144 167 236 187 91 0.143271 
1 657 39 704 91 0.109003 
1018 91 1034 113 18 0.380192 
996 402 1043 468 73 0.754760 
1000 406 1041 464 73 0.245486 
1003 453 1032 468 73 0.130471 
902 10 1018 257 79 0.131981 
33 1190 67 1210 27 0.388806 
0 1176 34 1200 27 0.344548 
30 1189 70 1213 27 0.111550 
0 1176 66 1210 59 0.159029 
0 1176 72 1213 64 0.172843 
376 917 417 957 73 0.893614 
375 915 418 956 73 0.212906 
407 1143 489 1236 79 0.141843 
467 900 731 924 79 0.138176 
0 911 81 1226 79 0.115436 
569 991 690 1054 79 0.107732 
6 1178 69 1213 89 0.133625 
30 1189 70 1213 91 0.342185 
0 1176 34 1200 91 0.208331 
33 1190 67 1210 91 0.128624 
911 1206 966 1287 73 0.697609 
911 1210 968 1287 73 0.125470 
2 2878 85 2931 51 0.148299 
906 2849 1127 2931 51 0.103761 
1806 2849 2027 2931 51 0.103761 
